6
13
25
38
41
47
59
69
71
78
79
80
88
91
98
122
122
124
128
151
168
170
172
175
194
218
219
223
243
244
250
258
273
286
286
292
316
356
365
367
374
376
399
399
403
421
434
450
460
464
467
472
479
511
531
534
544
557
563
590
600
602
614
630
637
657
658
664
668
675
693
695
697
702
720
737
745
745
748
750
757
759
761
776
806
808
818
830
833
842
845
848
872
887
893
894
895
909
923
932
947
960
973
992
996
1055
1071
1074
1075
1085
1095
1100
1120
1130
1147
1148
1173
1184
1185
1190
1196
1205
1208
1212
1215
1237
1243
1245
1258
1261
1263
1267
1270
1271
1284
1289
1297
1306
1308
1313
1316
1328
1329
1352
1352
1356
1360
1373
1381
1388
1393
1411
1416
1427
1438
1445
1467
1496
1501
1501
1529
1530
1533
1534
1537
1538
1543
1551
1563
1564
1590
1594
1611
1646
1648
1650
1659
1660
1669
1684
1687
1692
1699
1708
1710
1741
1745
1748
1763
1778
1780
1792
1798
1817
1826
1849
1884
1902
1905
1925
1929
1929
1932
1934
1941
1942
1944
1952
1959
1988
2006
2038
2039
2060
2078
2082
2082
2098
2110
2119
2139
2149
2153
2162
2177
2211
2211
2216
2220
2233
2234
2238
2258
2259
2260
2281
2285
2296
2314
2320
2360
2374
2383
2389
2389
2392
2394
2397
2401
2404
2428
2451
2480
2486
2493
2500
2507
2516
2519
2521
2544
2558
2558
2559
2571
2573
2580
2587
2589
2590
2595
2597
2615
2623
2632
2658
2672
2690
2700
2701
2718
2728
2738
2754
2759
2775
2806
2812
2813
2817
2836
2849
2864
2884
2897
2899
2899
2934
2941
2941
2946
2954
2962
2970
2983
2993
2999
3028
3028
3031
3040
3056
3067
3080
3096
3098
3099
3110
3114
3114
3122
3128
3130
3136
3138
3145
3161
3172
3176
3182
3208
3210
3211
3236
3241
3279
3289
3306
3321
3322
3327
3329
3329
3333
3359
3385
3390
3393
3400
3403
3421
3450
3457
3460
3482
3515
3516
3538
3544
3544
3552
3553
3553
3563
3570
3589
3603
3611
3631
3633
3637
3651
3654
3665
3672
3687
3693
3700
3700
3713
3721
3738
3744
3751
3754
3760
3781
3783
3793
3796
3802
3812
3816
3829
3832
3849
3871
3878
3894
3917
3919
3926
3935
3944
4002
4033
4064
4064
4066
4087
4090
4100
4100
4102
4103
4104
4114
4140
4152
4161
4165
4181
4190
4197
4198
4200
4203
4208
4211
4220
4232
4245
4256
4268
4275
4296
4301
4305
4314
4316
4334
4337
4338
4338
4356
4362
4370
4392
4394
4407
4412
4418
4421
4430
4447
4468
4476
4479
4492
4493
4497
4508
4509
4517
4524
4535
4538
4541
4551
4552
4568
4575
4594
4617
4627
4652
4658
4676
4698
4711
4726
4750
4762
4768
4796
4810
4811
4817
4827
4833
4834
4834
4845
4856
4858
4863
4865
4896
4911
4919
4930
4951
4954
4961
4968
4973
4982
4988
4991
4999
4999
5001
5017
5017
5024
5030
5036
5050
5065
5085
5105
5141
5144
5161
5175
5177
5186
5203
5212
5217
5248
5283
5288
5297
5302
5303
5305
5351
5360
5371
5388
5404
5419
5424
5434
5439
5444
5450
5457
5480
5504
5506
5508
5529
5550
5566
5588
5589
5590
5598
5631
5634
5639
5645
5650
5651
5669
5693
5715
5715
5716
5717
5721
5729
5733
5748
5753
5753
5757
5758
5760
5784
5793
5811
5817
5844
5844
5855
5856
5858
5878
5880
5897
5903
5906
5924
5932
5933
5939
5940
5941
5964
5985
5992
5995
6002
6008
6036
6046
6060
6111
6111
6119
6122
6159
6169
6174
6178
6185
6195
6203
6249
6253
6268
6271
6276
6308
6317
6331
6345
6350
6361
6365
6372
6377
6389
6403
6412
6458
6464
6467
6514
6514
6521
6525
6535
6558
6583
6585
6592
6604
6613
6619
6652
6668
6684
6694
6733
6738
6740
6751
6755
6763
6768
6775
6784
6785
6789
6815
6817
6821
6831
6836
6836
6867
6891
6907
6914
6914
6917
6947
6950
6971
6976
6983
6999
7000
7010
7014
7019
7035
7036
7050
7051
7065
7067
7068
7089
7094
7099
7102
7103
7113
7114
7120
7145
7156
7162
7163
7182
7188
7189
7193
7210
7213
7215
7215
7222
7223
7229
7232
7233
7248
7259
7278
7281
7298
7305
7321
7326
7359
7360
7370
7371
7384
7410
7424
7446
7450
7466
7467
7469
7473
7478
7484
7488
7493
7496
7507
7507
7515
7525
7528
7546
7564
7581
7585
7591
7605
7613
7629
7661
7669
7669
7682
7683
7686
7689
7702
7705
7714
7719
7723
7724
7733
7734
7742
7744
7760
7762
7780
7788
7796
7798
7801
7807
7827
7839
7842
7862
7867
7873
7895
7908
7911
7944
7945
7950
7969
8005
8014
8025
8029
8031
8032
8034
8038
8076
8079
8087
8088
8099
8111
8116
8125
8129
8158
8162
8197
8198
8201
8214
8245
8250
8257
8257
8296
8316
8322
8335
8342
8361
8368
8370
8385
8390
8407
8410
8415
8431
8441
8442
8443
8444
8456
8457
8462
8474
8486
8489
8493
8498
8498
8501
8501
8536
8545
8559
8572
8577
8580
8588
8593
8603
8606
8612
8614
8647
8656
8668
8668
8687
8689
8695
8723
8748
8765
8781
8810
8823
8838
8848
8853
8867
8871
8875
8882
8882
8883
8891
8894
8921
8936
8952
8957
8974
8983
8987
8988
8990
8999
9009
9014
9015
9023
9024
9024
9034
9064
9078
9079
9111
9115
9121
9126
9130
9150
9154
9173
9176
9177
9196
9200
9204
9212
9226
9229
9240
9257
9268
9270
9308
9311
9326
9347
9357
9366
9379
9401
9402
9403
9409
9412
9421
9426
9444
9456
9457
9479
9492
9497
9541
9546
9552
9565
9572
9579
9579
9597
9600
9604
9613
9619
9638
9641
9646
9646
9648
9653
9660
9673
9674
9702
9719
9742
9759
9771
9793
9805
9808
9810
9816
9842
9846
9850
9857
9857
9862
9881
9899
9902
9923
9944
9947
9951
9959
9983
9986
9993
10000
